002623
600529
600405
300068
600577
600083
600151
600171
600183
600203
600206
600207
600237
600353
600355
600360
600363
600401
600460
600478
600537
600563
600584
600602
600667
600703
600707
600747
600817
600980
601012
601231
601908
000020
000050
000058
000068
000413
000536
000636
000725
000727
000733
000823
002025
002045
002049
002055
002056
002057
002079
002104
002106
002119
002129
002134
002137
002138
002139
002141
002156
002179
002185
002188
002189
002199
002218
002222
002241
002273
002288
002289
002371
002388
002389
002402
002426
002436
002449
002456
002463
002475
002484
002504
002506
002512
002579
002587
002600
002618
002636
002638
002654
002655
300014
300029
300032
300046
300053
300077
300078
300083
300088
300102
300111
300114
300115
300118
300127
300128
300131
300139
300154
300155
300162
300184
300205
300207
300215
300219
300220
300223
300224
300227
300232
300241
300242
300256
300269
300279
300296
300301
300303
300317
300319
300323
300327
300331
300340
300342
300346
300351
600100
600288
600050
600076
600105
600130
600198
600271
600289
600330
600345
600406
600410
600446
600455
600476
600485
600487
600498
600522
600536
600562
600570
600571
600588
600601
600608
600677
600680
600718
600728
600734
600756
600764
600775
600776
600797
600804
600845
600850
600990
601519
603000
000021
000032
000035
000063
000066
000070
000503
000532
000547
000555
000561
000586
000681
000748
000801
000836
000851
000892
000938
000948
000970
000977
000997
002017
002027
002052
002063
002065
002073
002089
002090
002093
002095
002115
002148
002151
002152
002153
002161
002177
002184
002194
002195
002230
002231
002232
002253
002261
002268
002279
002280
002281
002296
002308
002312
002313
002315
002316
002331
002339
002351
002362
002368
002369
002373
002376
002383
002384
002396
002401
002405
002410
002417
002421
002439
002446
002465
002467
002474
002491
002519
002528
002544
002547
002577
002583
002609
002635
002642
002649
002657
300002
300010
300017
300020
300025
300028
300033
300036
300038
300042
300044
300045
300047
300050
300051
300052
300059
300065
300074
300075
300076
300079
300081
300085
300096
300098
300101
300104
300113
300130
300134
300136
300150
300166
300167
300168
300170
300177
300182
300183
300188
300209
300211
300212
300213
300226
300229
300231
300235
300245
300248
300250
300253
300264
300270
300271
300275
300277
300282
300287
300288
300290
300292
300295
300297
300299
300300
300302
300310
300311
300312
300315
300322
300324
300330
300333
300339
300348
300352
300353
600875
002533
300069
000005
000656
600038
600118
600316
600343
600372
600391
600879
600893
000738
000768
000901
002023
002111
002029
002634
002132
000887
000985
002014
002201
002250
002361
002601
300174
300214
300237
600075
601208
600008
600874
000544
000598
000826
002200
002573
002616
002672
300055
300070
300156
300172
300187
300190
300197
300262
300332
300335
300355
002009
002026
002342
002413
002509
002591
002595
002613
300103
300116
300152
300276
300307
600475
600520
002035
300117
002081
002135
002205
002392
300163
002592
601699
002086
002311
002385
300186
000422
002018
002258
600596
002297
002678
300337
002454
002625
601799
600062
600079
600080
600085
600129
600161
600196
600200
600201
600211
600216
600222
600252
600253
600267
600276
600285
600297
600329
600332
600351
600380
600385
600420
600421
600422
600436
600466
600479
600488
600513
600518
600521
600530
600535
600556
600557
600572
600594
600613
600645
600664
600666
600671
600713
600750
600771
600781
600789
600829
600867
600869
600976
600993
601607
000004
000078
000153
000403
000423
000513
000518
000538
000566
000590
000597
000605
000606
000623
000650
000661
000739
000756
000766
000788
000790
000915
000919
000952
000963
000989
000999
002001
002007
002019
002020
002022
002030
002038
002099
002107
002118
002166
002198
002219
002252
002262
002275
002287
002294
002317
002332
002349
002365
002370
002390
002393
002399
002412
002422
002424
002433
002550
002566
002589
002603
002644
002653
002675
002688
002693
300006
300009
300016
300026
300039
300049
300086
300110
300119
300122
300142
300147
300158
300181
300194
300199
300204
300233
300239
300254
300255
300267
300289
300294
600812
002437
002626
002420
300218
600055
600587
600763
002223
002432
002551
002614
300003
300015
300030
300061
300206
300216
300238
300244
300246
300273
300298
300314
300318
300326
300347
600366
600651
600654
600848
601222
601567
000607
000676
000862
000980
000988
002008
002058
002121
002175
002197
002214
002236
002338
002356
002414
002415
002518
002527
002658
300007
300012
300066
300097
300099
300105
300112
300124
300137
300165
300203
300259
300286
300306
300338
300349
300354
000657
600219
600255
600331
600549
002012